0.762952
-0.139046
0.353374
0.120619
0.057635
0.193321
-0.899789
0.677892
0.631238
0.352028
-0.604503
-0.064403
1.000000
-1.000000
-0.986847
0.856460
0.337224
0.546115
-0.387150
-0.433555
1.000000
-0.154800
-0.597445
0.371581
-0.625433
-0.455885
-0.622680
0.464503
-1.000000
-0.246758
0.729345
-0.171916
1.000000
-0.677718
-1.000000
0.268506
0.342584
0.912541
-0.784027
0.691675
-0.073268
-1.000000
-0.340140
-0.218866
1.000000
0.941673
0.813120
1.000000
-0.739063
-0.199683
-0.776323
0.361288
-0.947428
0.970036
-0.841315
0.154526
0.382553
0.962283
0.854987
-0.231352
0.092599
-0.589528
-1.000000
-0.057948
0.342504
0.132595
0.651286
-0.659478
-0.647379
0.158913
-0.368487
0.458169
0.903880
0.455175
0.438955
0.131714
-0.163279
-0.539807
1.000000
0.068827
-0.500422
-0.544187
0.167057
0.494169
0.029870
0.058475
0.299498
0.184742
-1.000000
-1.000000
0.636487
-0.910273
0.585495
0.193630
-0.910611
0.347969
-0.578824
-0.711093
0.063560
-0.532443
-0.373788
-0.811877
-0.905855
-0.210681
1.000000
0.606526
0.117241
0.929912
0.502104
-0.159435
0.067833
-0.049645
-0.444471
0.225587
-0.236275
0.230086
0.617926
0.752525
-0.727807
-0.939262
-1.000000
-0.857843
0.494957
0.116650
0.524369
-0.702448
0.065927
-0.699767
-0.548783
0.146540
-0.263172
-0.426659
0.709378
-0.460143
0.311120
1.000000
0.254298
0.544200
0.849325
-0.531883
0.540962
-0.346724
0.811984
-0.630456
-0.875834
-0.077842
0.953149
0.970130
1.000000
-0.150433
0.762081
-0.352766
-0.362386
0.694003
-0.583729
1.000000
0.883715
0.258353
-1.000000
-0.580273
0.816850
0.318749
-0.663849
0.749616
-0.919044
-1.000000
0.619242
0.047150
-0.158719
-0.224426
0.860465
-1.000000
0.372645
0.024009
-0.008807
1.000000
-0.430869
0.368117
0.284332
0.225269
1.000000
1.000000
0.154661
0.774170
-0.531601
0.226427
-0.080474
0.291538
0.219102
-0.595613
0.799592
-1.000000
-0.157293
-1.000000
0.989896
0.628907
0.982234
0.690169
-0.518764
-0.289794
1.000000
0.355903
0.125326
0.160640
-0.352024
0.180432
-1.000000
-0.718542
0.224708
-0.406891
-0.925034
-0.025344
-0.150364
0.421380
0.768677
0.480746
0.996952
-1.000000
-0.607267
0.105906
-0.847590
0.759933
0.176166
0.725991
-1.000000
0.423590
0.570875
-0.245073
-0.567352
0.481709
-0.071841
0.369343
0.346096
0.910241
-0.064685
-1.000000
-0.411285
0.600586
-0.212678
1.000000
0.951970
-1.000000
1.000000
-0.713700
-0.149930
-0.250603
-0.016335
0.832816
0.208411
0.554283
-0.683426
0.889861
0.489685
0.814588
-0.817181
0.301802
0.811159
0.734950
0.531749
0.291334
-0.082971
0.432070
-0.610741
-0.669670
1.000000
1.000000
-0.501821
-0.788726
0.030742
1.000000
0.892234
-0.292040
-0.778882
-0.069717
-1.000000
-0.041070
0.144673
0.254288
1.000000
1.000000
-0.848741
0.628330
-0.703311
-0.700829
1.000000
0.419539
0.764387
-0.217804
-0.128060
0.390640
-0.667488
-0.834216
0.156744
-1.000000
-0.673073
-0.111154
-0.124111
-1.000000
0.353631
0.488928
-0.080901
-0.163517
0.022311
1.000000
0.595843
-0.489612
-0.376519
-0.822662
-0.870583
0.211080
0.312367
-0.133227
0.628803
0.857569
0.397563
0.788027
-0.781460
0.946746
-0.022528
0.493768
-0.208599
0.122087
0.138643
0.457925
0.281144
-0.055756
-1.000000
-0.413897
-0.887231
-1.000000
0.354350
0.412024
-0.487065
0.608062
0.049887
-0.182336
-0.670365
-0.820442
0.042927
0.191508
-0.263396
-0.828028
0.668822
-0.588436
0.107823
0.542395
-0.771597
-0.182869
0.678392
-0.114009
0.864827
-0.382183
0.558582
0.102122
-0.958986
-0.972167
-0.223018
-0.966493
-0.708733
-0.509348
0.221443
-0.898874
-0.309628
1.000000
0.607465
0.178904
0.629214
-0.561556
-0.294030
-0.477001
-1.000000
-0.059636
-0.735120
0.435135
-0.120237
-0.186657
0.777200
-0.184435
-0.551747
-0.836548
0.309824
0.650117
-0.099717
1.000000
1.000000
0.488651
0.036074
0.325887
0.248329
0.522353
-0.794506
0.699036
0.579615
-0.386764
-0.464337
0.981979
0.007586
0.061818
0.953413
0.394624
-0.539658
-0.152978
0.472250
-0.649213
0.221254
1.000000
-0.080870
0.627229
-0.022647
-0.371297
-0.567137
-0.463435
-0.915739
-0.606964
-0.372544
0.317988
-0.815245
0.258225
1.000000
0.732604
-0.030563
0.221863
-0.770029
-0.622363
-0.752768
0.695815
0.394936
0.299926
0.197237
-0.928852
0.229849
0.355203
0.235593
-0.398596
-1.000000
-0.354323
-0.919638
0.504077
-0.303256
-0.219157
-0.820724
0.509605
-0.627187
0.886952
-0.333082
-0.183937
0.298297
0.796711
-0.781691
-1.000000
-0.106725
0.232286
-0.192662
-0.584976
-0.513542
-0.247908
-0.297139
-0.217176
-0.446364
0.314028
0.196823
-0.002729
0.377901
1.000000
-0.778683
-0.242318
0.772413
0.665087
-0.309499
0.358517
0.206404
1.000000
1.000000
-1.000000
-0.620192
0.000035
-0.315556
-0.827656
-0.459343
-0.372935
0.128856
0.147655
0.334311
-1.000000
0.034896
0.354453
0.768011
0.462322
0.474967
0.404101
0.268615
0.150763
0.084207
0.708416
-0.634719
0.207676
-0.880566
0.739767
-1.000000
0.793017
-0.296801
0.771696
-0.466259
0.525816
0.444953
0.039405
-0.316591
-1.000000
0.217195
-0.071809
0.417757
-0.791239
1.000000
0.018507
-0.322967
1.000000
-0.285688
0.747744
-0.642357
-0.048740
0.480153
-0.667764
-1.000000
-0.104989
-0.933286
-0.467616
0.949592
0.682380
0.341763
0.046002
-0.467975
-0.042285
-0.810540
0.893925
-0.061775
-0.580486
0.150855
0.744561
0.032132
-0.365450
0.897958
-0.082810
-0.633650
0.150409
0.270085
-0.868393
0.163971
0.675104
0.358303
-1.000000
0.682802
1.000000
-0.971885
-0.442844
-0.639188
0.566437
-0.128840
-0.830409
-0.494202
0.343611
-1.000000
0.053558
0.338482
-0.463948
1.000000
-0.957479
0.320344
0.041277
0.601809
-0.552309
-0.302503
0.103803
0.338832
1.000000
1.000000
-0.816522
0.834309
-0.944150
0.880250
-0.624944
-0.010803
0.496373
0.294041
0.898836
0.650287
0.604709
0.665741
-1.000000
-0.904903
0.111760
-0.637623
-0.180600
0.589872
-0.369423
0.729724
0.347628
0.532001
1.000000
1.000000
1.000000
-0.202812
0.053418
1.000000
0.951201
0.427890
1.000000
-1.000000
1.000000
-0.009261
-0.474191
0.973854
0.691094
-0.884323
1.000000
0.861460
0.507705
-0.712393
-1.000000
0.647512
0.198016
-0.562251
0.092780
0.097506
-0.029791
0.147662
-0.261099
-1.000000
-0.788121
-0.391163
0.147796
0.511722
0.353473
0.441916
1.000000
0.852077
0.758705
0.868469
0.294197
0.012224
-1.000000
0.791374
-0.181473
0.693910
-0.053254
0.002635
-0.007627
1.000000
-1.000000
-1.000000
1.000000
0.481159
0.179620
-0.825195
1.000000
0.264627
0.977418
-0.084696
0.261283
1.000000
-0.336961
-0.550157
-0.815814
-0.486275
0.207332
-0.425023
-1.000000
0.451784
0.454047
-1.000000
0.392376
-1.000000
-0.144503
1.000000
-0.888121
-0.917969
-0.533174
1.000000
-0.288167
-0.947644
-0.032445
0.464642
-0.209891
-0.815426
-0.101987
0.519334
0.563343
-0.211296
0.891267
-0.333493
0.696144
-0.785550
0.551248
0.179951
0.764261
0.905266
-0.169123
0.086346
0.142222
0.027649
0.829692
1.000000
-0.672149
0.872105
0.030460
-0.522679
-0.740034
0.358069
0.158474
-0.209296
0.829480
-0.523101
0.339618
0.349399
-0.762134
-1.000000
0.923767
-0.174142
0.176425
0.219040
0.324682
-0.452121
0.619250
-0.180385
-0.103745
-0.552512
-0.621569
0.312708
0.051769
-0.353711
0.748584
0.850681
-0.872428
0.212082
-0.033614
-0.791128
1.000000
1.000000
0.384117
-1.000000
-0.649465
-0.235998
-0.913058
0.898200
0.506617
0.382845
0.398777
-0.189749
-0.052250
0.086274
-0.594059
-0.843702
-0.593655
-0.083083
0.412369
0.984960
0.773910
