-0.780498
0.697568
0.883643
-0.314525
-0.713968
0.730290
0.344201
-0.063223
-0.726707
-0.226608
-0.372112
-0.897132
1.000000
-0.072124
-0.720311
1.000000
0.681703
0.495430
-0.988420
-0.863471
-1.000000
0.144187
0.569460
-0.599303
0.272631
-0.691367
0.947792
0.888508
-0.237273
0.346305
-0.611917
0.469790
-0.639073
0.918384
0.467852
0.424434
-0.617487
-0.458586
-0.193838
0.116711
-0.816436
0.649941
0.919923
0.888371
0.800250
-0.276756
-0.252736
-0.225319
0.783618
-0.374937
0.824623
-0.042101
-1.000000
-0.894841
0.592044
-1.000000
0.669578
0.756991
-0.363729
-1.000000
0.633439
0.607656
0.919993
0.918766
-0.369735
0.199971
0.293108
0.907257
-0.710090
-1.000000
-0.045652
-0.028205
0.334737
1.000000
-0.872767
0.465303
0.257158
0.840805
0.448197
0.732337
-0.772042
-0.960787
0.533733
-0.830257
-0.879021
-0.580912
0.963226
-0.502918
-1.000000
0.936306
0.342073
1.000000
-0.243862
-0.651041
-1.000000
-1.000000
0.157088
-0.246972
-0.283778
-0.991216
-0.964884
-0.024755
-0.049974
0.546222
-0.602823
-0.825131
0.131568
1.000000
-0.657803
1.000000
-0.851365
0.624548
-0.649712
1.000000
0.558808
0.760007
-0.644937
-0.357963
-1.000000
0.578767
0.847548
-1.000000
-0.303008
-0.768070
0.525396
0.955939
-0.679542
0.310666
-0.215792
-0.696449
-0.608188
-1.000000
-0.041636
1.000000
-0.137320
-0.095955
-0.786156
-1.000000
-0.143140
0.895005
0.608103
-0.385451
-0.049770
0.829015
-0.542731
-0.118243
-1.000000
0.132528
-0.644590
-0.011617
-1.000000
-0.372374
0.124714
0.139834
-0.272012
0.682753
-1.000000
0.870789
1.000000
-0.697573
0.284132
-0.096408
-1.000000
-0.791910
-0.107545
1.000000
0.045543
-0.386920
0.132597
-0.962793
0.479063
0.015814
0.139897
-0.336965
0.041578
-0.641739
-0.332274
-0.392258
-1.000000
-1.000000
0.745557
0.214922
-0.690617
0.898943
-0.500983
0.278798
-0.020449
-1.000000
-0.519004
-0.486172
0.313229
0.257087
0.172573
-0.580251
0.824633
0.645797
0.215226
0.225563
0.933506
-0.233301
-0.092460
-0.360689
0.099982
0.110335
-0.393704
-0.654227
-0.047929
-0.872737
-0.506992
-0.027921
0.335656
-1.000000
0.289931
-0.826873
0.130268
0.876955
-0.163489
-0.780810
-0.398569
0.116223
0.230899
0.898795
0.228880
0.022167
0.613187
-0.446668
0.943291
-0.605988
1.000000
-0.711043
-0.544836
1.000000
0.895697
0.069953
1.000000
-0.510817
-0.210339
-1.000000
0.219338
0.001981
-0.067845
0.411301
-0.645885
-0.847043
0.331960
-0.289291
1.000000
1.000000
-0.843306
-0.652385
0.727317
0.892579
-0.598123
-0.622578
0.319686
0.365058
0.199208
0.712422
-1.000000
-0.263106
-0.948292
-0.092963
1.000000
0.281003
0.074402
0.617348
0.694283
-0.951577
-0.660993
0.944678
0.724815
-0.728761
-0.301697
-0.856298
-0.280969
-0.865491
1.000000
-0.189848
-0.084638
0.728210
-0.428869
-0.648674
-0.543314
-0.737469
-0.558432
0.671120
0.892165
-0.516787
0.910289
-0.696773
0.302190
1.000000
-0.873694
-0.482025
1.000000
-0.177117
-0.762972
-1.000000
-1.000000
-0.286722
0.170472
-0.296936
0.581904
0.273425
-0.738011
0.244467
0.394633
-0.422566
-0.061595
0.659076
0.571379
-0.075554
1.000000
0.810833
-0.762967
-0.982059
-0.353858
-0.262521
0.380661
-0.498709
-0.620068
0.578663
1.000000
1.000000
0.296776
1.000000
0.645817
0.212731
-0.221955
-0.979646
-0.094650
0.297238
-0.609552
0.901676
1.000000
0.561424
0.514448
-1.000000
1.000000
-0.120058
0.585853
-0.495177
-0.671290
-0.409881
-0.528835
-0.454969
1.000000
-0.775346
0.256278
-0.998619
-0.152786
0.807212
0.560085
-0.901468
0.721207
0.615566
-0.907608
-0.109149
0.638738
0.873825
0.321870
-0.731693
0.652462
0.230703
0.208779
-0.666803
-0.341145
-1.000000
-0.424227
0.621934
-0.140000
-0.814188
-1.000000
-1.000000
-0.195942
-0.923464
-0.105515
-0.501169
-0.358035
1.000000
0.612725
0.996513
0.684884
-0.149916
-1.000000
-0.114943
0.120839
-1.000000
0.272444
-0.884337
0.388589
1.000000
-1.000000
-1.000000
-0.920671
-0.154276
0.748523
-0.352319
-0.384558
0.552165
-0.745132
-0.292571
0.649242
0.058165
-0.773688
0.271002
-0.487708
0.619754
-0.026453
-1.000000
-0.662564
0.132299
-1.000000
-0.869716
0.726917
1.000000
0.638802
-0.213760
-0.378073
-0.515982
-0.491640
-0.805710
-0.515522
-0.817658
-0.401291
-0.015135
-0.248190
-1.000000
0.929074
-1.000000
-0.884008
-0.339594
-0.609317
-0.968774
0.106833
0.200389
1.000000
0.301841
0.383166
0.170171
-0.916318
-1.000000
-1.000000
0.002250
-1.000000
0.291184
-0.196253
0.098750
-0.368123
0.671877
-0.256805
-1.000000
-0.567753
-0.238068
0.707130
-0.785785
-0.415019
0.957486
-0.329274
0.515342
-0.919429
-0.051837
-0.476680
-0.965260
-0.032645
-0.673152
0.247361
0.630015
0.550087
0.377130
1.000000
-0.973688
-0.033133
-0.029112
-1.000000
-0.972611
0.440150
-0.901842
0.567110
0.869229
-0.053392
0.519434
-0.603093
0.549644
0.799360
0.133171
-0.639839
0.400176
0.516809
0.572710
-0.055047
-1.000000
-0.397524
-0.711273
1.000000
0.081691
1.000000
1.000000
-0.159572
-0.378614
0.612282
-0.790094
-0.396488
-0.547890
-0.167712
-0.673481
-0.342638
-1.000000
-0.502870
-0.808665
-0.535641
-0.784109
0.949064
0.620598
0.308890
0.568795
-0.388309
1.000000
-0.417284
0.173666
0.286903
0.891570
0.136376
0.261806
-0.409003
-0.516592
-0.699409
-0.613607
-0.844072
0.008963
0.860581
-0.760762
0.863558
-0.617345
-0.097176
0.248088
0.083228
0.864053
-0.692765
0.481853
-0.366132
0.133501
0.525463
0.573876
0.549472
-1.000000
-0.058532
-0.349021
-0.529461
-0.005770
-0.766062
-0.547278
0.128541
-0.861456
0.658498
0.631250
0.681910
-0.495456
-0.053170
-0.443532
0.644709
-0.387774
0.855632
-0.851278
0.844064
-0.764962
1.000000
-0.077594
-1.000000
-0.640394
-0.071753
-0.978200
-0.949601
0.153901
0.771322
0.036942
0.608594
0.567790
0.087730
-0.303619
-0.530825
-1.000000
-0.679568
0.509528
-0.355986
0.241393
0.959730
-0.625477
0.457507
0.978560
-0.212200
-0.759102
-0.599820
-0.421912
0.879991
-0.867160
0.302513
-0.168163
0.779441
0.512221
0.739045
0.337225
-0.250509
-0.021053
0.975716
-0.455932
-0.981506
-1.000000
0.703906
-0.364978
0.019718
-0.478472
0.553588
0.854847
-0.700939
-0.973984
0.364462
0.713034
-0.103433
1.000000
1.000000
0.337760
-0.831259
0.578465
-0.684276
0.175364
0.148360
0.875743
0.535863
0.491932
1.000000
-0.583346
0.957869
-0.031541
0.163766
0.790690
-0.781228
-0.695708
-0.893821
0.423926
-0.715366
0.435225
-0.927033
0.009218
-0.734992
-0.334953
-0.281484
-0.977609
0.842844
1.000000
1.000000
0.063868
0.104393
0.465063
-0.748120
0.372692
-0.329334
0.515498
-0.808399
0.737159
1.000000
-0.400005
-0.524409
-1.000000
-0.874063
0.910230
-1.000000
0.692123
0.807248
-0.159646
0.540054
-0.609887
-0.144903
-0.823556
0.793039
-0.986079
0.682455
0.801266
0.834397
-0.942442
-0.567104
-0.610980
0.824767
0.784241
0.647082
1.000000
-0.599064
-0.503187
0.576194
-1.000000
0.284812
-0.764555
0.434355
0.874491
0.938388
0.074432
-0.615728
-0.154460
0.924135
-0.068171
-0.585518
0.614559
-0.401827
0.033954
-0.026451
0.027259
0.220788
-0.566941
1.000000
-0.754100
0.565018
0.799421
0.623379
0.444658
-0.821528
0.060720
0.712963
-0.151806
-0.955309
-0.380937
0.351793
-0.438627
0.982688
0.226894
-0.380041
1.000000
-0.276163
-0.896130
-0.906854
-0.316267
-0.660411
0.988660
-0.021133
0.453309
0.067919
-1.000000
-0.126727
0.397355
1.000000
0.622436
-0.640188
-0.188702
-1.000000
-0.239072
-0.799632
-0.751518
0.769216
0.663266
-0.310162
0.521865
1.000000
0.026623
0.507826
-0.414158
1.000000
0.054399
