-0.364794
-0.051030
0.386929
0.775588
0.478246
-1.000000
0.879231
0.155654
-0.134340
-0.947441
-0.362186
0.200674
-0.257458
-0.713892
0.059746
1.000000
0.725780
0.331010
-0.025791
-0.511622
0.405113
0.023141
-0.940049
0.764087
0.680256
0.381197
0.170327
-1.000000
-0.126382
-0.242701
0.509441
0.610248
-0.032236
0.456657
0.500974
-0.454496
0.436726
-0.128683
-0.608554
-0.298588
-0.186009
0.181499
-0.733852
0.029812
1.000000
-0.028408
0.774589
1.000000
-0.116296
0.757024
0.853197
-0.134955
-0.480127
0.283063
0.798527
-0.420496
0.074810
0.820455
-0.290691
-0.206233
-0.115347
-0.170247
1.000000
-0.161738
0.736125
0.089070
-0.382968
1.000000
0.766469
-0.681782
-0.869338
0.670995
0.606344
-0.558075
-0.399643
-0.261196
-0.364251
-0.013603
0.393590
-1.000000
-0.280803
0.008827
0.941038
0.759976
0.622129
-0.789360
-0.900244
0.898483
1.000000
0.376315
0.064997
-0.959074
0.214452
0.404304
-0.421343
-0.681633
0.472860
0.955343
0.351114
-0.255852
0.100675
0.778003
1.000000
-1.000000
1.000000
-0.690022
-0.882706
-0.724186
-0.701944
0.382626
-0.433981
0.454111
-0.394668
0.258591
0.095718
0.136302
0.462856
1.000000
0.450426
-0.827966
-1.000000
-0.316608
0.646223
-0.582544
0.010047
0.246995
-0.912706
-0.902191
0.944888
0.458559
-0.203714
0.930971
-0.179006
0.351530
0.652789
-1.000000
0.315504
-0.768286
-0.248656
0.538973
0.309834
-0.980861
-0.385248
-0.404385
0.045230
0.047481
0.278722
-0.306918
0.737237
-0.533019
-1.000000
1.000000
0.395799
0.666524
-0.637883
1.000000
0.743413
-0.828210
0.928748
-0.550223
-0.375821
-0.602300
-1.000000
-0.844660
0.630496
1.000000
-0.235761
0.192545
0.121142
0.744257
-0.943921
-0.876768
-0.354876
0.348417
-0.346914
0.159436
0.748670
-1.000000
-0.145535
0.553468
-0.668767
-0.143757
-1.000000
-0.220201
-0.407787
-0.837905
0.640910
0.737176
-0.437879
-0.629943
0.360315
-0.026907
-0.499958
-0.450250
-0.823023
-1.000000
-0.426278
1.000000
-0.423632
0.108032
-0.891354
0.241977
0.332514
-0.983583
0.620879
-0.622078
-0.437760
-0.257635
-0.654420
0.621425
-0.554496
-1.000000
0.527192
0.423262
0.041629
0.942013
-0.397246
-0.051468
0.377198
0.420771
0.957669
-0.486514
-1.000000
-0.458465
-0.856746
-0.692360
-1.000000
-0.295802
-0.976891
1.000000
-0.775707
0.777181
0.366529
1.000000
-0.523046
1.000000
-0.741169
0.378952
-0.824119
0.933207
-0.856156
0.368736
0.425477
0.710904
-0.672467
1.000000
-0.919896
-0.670460
0.188056
-0.282580
1.000000
-0.361452
-1.000000
-0.040465
-0.811462
0.042955
-1.000000
-0.608639
0.222128
1.000000
0.821330
0.067388
-0.328916
-0.867131
-0.608436
-0.129806
-0.803849
0.376640
1.000000
0.085196
0.704495
0.245451
-0.185145
0.654738
-0.339427
0.720885
-0.486138
0.162641
-1.000000
-0.251338
1.000000
-0.941921
1.000000
-0.223614
0.649894
-1.000000
1.000000
-0.425546
0.569363
-0.324663
0.718599
-0.049123
-0.534465
-0.615297
0.313540
-0.422359
0.427724
0.505244
-0.266155
0.152629
1.000000
-1.000000
0.082365
1.000000
-0.709479
-0.467359
0.289596
0.226542
-0.202468
0.872013
0.641983
0.490263
0.595640
-0.216938
0.748269
0.779808
-0.758992
-0.160423
-0.909447
-0.550073
0.212545
1.000000
0.267937
-0.563786
-0.870389
-0.314521
0.920075
0.560988
-0.869845
0.347534
-0.145266
0.475804
-0.790281
0.069254
-0.234668
-0.011073
0.884606
1.000000
0.882740
0.286108
-0.622583
-0.534820
0.965015
-0.565241
0.814537
0.746140
-0.331604
-0.188341
0.533870
0.738827
0.454554
-0.369810
1.000000
0.600700
-1.000000
-0.154536
0.005247
1.000000
0.687460
0.023114
-0.743328
0.234928
-0.192559
0.750902
-0.377251
0.509398
0.494566
-0.409474
-0.134218
0.351441
0.420265
0.114258
-0.819285
1.000000
-0.442409
-0.827578
0.243777
-0.776339
0.081624
-0.460215
0.181065
-0.144919
0.667187
-1.000000
-0.126156
0.006423
-0.170940
-1.000000
-0.704349
1.000000
0.202550
-0.579839
-1.000000
-0.256572
0.323234
0.043511
1.000000
0.582374
0.359627
0.390985
0.142728
0.232917
0.704263
-0.328831
0.829618
1.000000
-0.383008
0.901886
0.943760
0.001263
1.000000
0.384997
-0.533875
-0.782628
-0.765287
-0.880407
0.755034
-0.854616
-0.038062
0.218121
0.823749
0.849070
0.659019
0.919866
0.124929
1.000000
-0.267445
0.711229
-0.313533
0.977816
0.382414
0.196898
0.274352
-0.335623
-0.013677
-0.130172
-0.377486
-0.994915
-0.260048
-0.751702
0.940048
0.056181
0.614979
0.518163
0.202017
0.709331
-0.497283
-0.837630
0.669709
-0.104601
0.825173
1.000000
0.420438
1.000000
0.789034
0.493438
-0.530195
-0.188508
0.963806
-0.177707
0.120932
0.678268
-0.854423
-0.907521
-0.415129
-0.946502
-0.274614
0.580007
-0.684090
-1.000000
-1.000000
-0.471648
0.774835
0.937957
-1.000000
-0.245669
0.941453
0.694577
-0.682000
-0.596958
0.055366
-0.373226
-0.707195
0.714927
0.484954
1.000000
-0.368887
-0.009755
-0.200825
-0.015522
0.426471
0.227887
-0.865185
-0.870840
-1.000000
0.984326
-0.067803
1.000000
1.000000
0.355772
-0.712313
-0.599528
0.078038
-0.474879
-0.041005
-0.718732
-0.003880
0.887840
-0.729192
-0.637520
0.150604
1.000000
-0.491853
-0.496939
0.079217
0.018290
0.586734
0.024889
0.513670
1.000000
-0.364103
0.507931
0.291824
-0.041941
0.610572
0.638951
0.866359
-0.279812
-0.558301
0.708058
-0.622371
-0.507029
0.272553
-0.270144
0.437309
-0.398323
1.000000
-0.138728
-0.421777
0.599149
-0.606306
-0.899644
0.429676
-0.050026
-0.979888
0.221855
0.083005
-0.790355
-0.738540
0.863713
0.811284
1.000000
-0.137873
-0.971139
-0.491587
0.478724
-1.000000
0.478859
0.733809
0.958047
0.817886
0.414780
0.328665
0.708203
-0.502856
-0.543439
0.918563
-0.318702
0.598129
-1.000000
0.511748
-0.905064
0.203143
0.538320
-0.013573
0.164770
-0.644154
-0.316549
0.595750
-0.253849
0.760220
-0.634695
1.000000
-0.762301
-0.752330
0.308048
-0.943821
0.231763
-0.460515
0.546182
0.490861
1.000000
-0.697437
0.343867
-0.184363
-0.663276
0.012877
-1.000000
-0.386506
-0.469555
0.989994
0.378737
1.000000
-0.315378
0.181081
-0.593623
0.491621
-1.000000
0.304492
0.772323
0.401621
0.409367
0.051562
0.081588
-0.881630
0.847446
0.443314
0.224382
-0.116318
0.903397
0.007596
-0.376573
-0.441726
-0.904248
0.194035
0.956417
0.560660
0.469686
0.179031
0.026886
1.000000
0.365771
-0.057508
-0.296661
0.830230
0.813816
0.345533
0.628933
0.650875
-0.124338
-0.540227
0.493103
-0.147663
-0.848614
0.885762
-0.663709
-1.000000
0.634750
-0.564701
0.992114
0.548350
-0.215970
0.699069
-0.634480
-0.058898
-0.747855
0.986221
-0.477044
0.836903
-0.668869
0.928817
-0.173918
-0.786251
-1.000000
-0.043420
-0.367859
0.300620
-0.813140
1.000000
0.524908
-0.263289
0.508523
0.557548
-0.947964
0.638949
-1.000000
-0.728322
0.291480
-0.734813
-0.961482
0.353631
-0.292747
0.977363
-0.295030
0.167138
0.044153
0.205657
-1.000000
-0.352033
-0.978445
-1.000000
-0.086404
0.747730
-0.958960
-0.945661
0.855788
0.488824
-0.993441
0.498561
0.589380
-0.837504
-1.000000
-1.000000
0.461455
-0.459242
0.089465
0.544181
0.222163
0.936905
0.124816
-0.800349
-0.529589
-0.482522
-0.809127
0.595909
-1.000000
-0.492355
-0.621572
-1.000000
0.053615
-0.361999
-1.000000
-0.346155
0.875165
-0.650731
-0.975902
0.144444
0.260042
-0.094667
0.331557
-0.878368
1.000000
1.000000
-0.216608
-0.499230
0.280889
-0.269591
0.195562
-1.000000
-0.758179
1.000000
-0.420662
0.356687
0.422549
-0.837294
0.069445
0.042349
-0.565037
0.329231
-0.422279
-0.315986
-0.422710
-0.094745
1.000000
-1.000000
0.108535
