0.865186
-0.194516
0.134435
0.411791
0.418463
0.931331
-0.648436
0.244747
-0.302129
-0.188694
-0.729235
1.000000
0.577607
-0.328041
-0.067374
-0.858297
0.905214
0.293862
-0.400208
-1.000000
0.979552
-0.738084
-0.833763
0.952082
-0.046451
-0.965481
0.189382
0.284517
-0.101789
-0.403493
1.000000
-0.283872
0.760566
-0.000909
-0.141678
-1.000000
0.097400
-0.400884
-0.753602
-0.703986
0.832399
0.409262
1.000000
1.000000
-0.831363
0.430362
1.000000
-0.021068
0.450476
-0.464196
-1.000000
0.812229
-0.740860
-0.029537
-0.219608
-0.291901
0.798119
0.644190
0.983597
0.663042
-0.976173
-0.233630
-0.474244
-0.717757
0.552291
-0.016571
-1.000000
-1.000000
0.206917
-0.464789
0.507451
0.313936
0.315429
-0.822490
-0.371159
-0.455181
0.974558
0.506574
-0.410020
0.643080
0.061887
-1.000000
-1.000000
0.438799
-0.191286
-0.273627
-0.166198
1.000000
-0.999336
-0.553874
0.858777
0.375425
-0.118884
-1.000000
0.982357
0.020844
-0.862509
0.916960
-0.541056
-0.069016
0.324574
-0.132188
-1.000000
-0.920651
-0.193615
0.315727
0.831988
0.055436
0.232626
-0.211449
0.813228
0.084453
1.000000
0.259895
-0.889345
-1.000000
0.770987
0.354412
0.058958
0.139112
-0.532193
-0.943046
0.471298
0.979519
-1.000000
-0.466691
-0.410137
1.000000
-1.000000
1.000000
0.054559
-0.666929
0.606837
-1.000000
-0.647190
0.672649
0.050675
-0.128376
0.533282
-1.000000
0.885999
-0.923387
0.584811
0.410954
0.489730
-0.492238
0.578342
1.000000
0.852199
-0.052582
1.000000
0.228916
-0.136016
0.385237
-0.663017
0.587567
1.000000
-0.366057
-1.000000
-0.901596
0.809394
-0.784545
-1.000000
1.000000
-0.035885
-1.000000
0.308078
0.330005
-0.901263
-0.015680
0.744617
0.371839
-0.208153
-0.702016
-0.491839
0.930663
-0.486107
0.050151
-0.636368
0.450096
-0.081603
1.000000
0.986280
0.703535
0.519586
1.000000
0.245574
0.984349
0.902709
-0.660857
0.640021
0.489688
-0.065345
0.566365
0.171722
0.774995
0.804582
1.000000
-1.000000
-1.000000
0.843174
-0.175555
-0.006502
0.634573
-0.823466
0.768793
-1.000000
-0.674850
0.856118
-0.380738
0.921283
-0.461415
-0.076882
-0.838025
0.597387
-0.897097
0.364769
-0.883831
-0.799140
-0.013534
-0.922652
0.738521
0.742903
0.684978
-0.236967
-0.955111
0.569632
0.252338
-0.382755
-0.187528
-0.209213
-0.257471
-0.357170
0.693308
0.605210
-1.000000
0.726794
0.780464
-0.368084
-0.336945
0.457196
-1.000000
-0.300286
-0.721102
0.443881
-0.693317
-0.255503
-0.261554
1.000000
0.655450
-0.200946
1.000000
0.748609
0.340563
0.033001
-0.246539
0.882366
-0.777323
0.211106
0.327889
-0.492319
-0.004855
0.070434
-0.770843
0.808656
1.000000
-1.000000
-0.730123
-0.311114
0.530035
0.169002
0.397809
-0.977608
-0.367177
-1.000000
-0.329724
-0.484473
0.796655
-0.676417
0.267159
-0.849857
0.635060
-1.000000
0.178412
0.796557
0.150579
0.291611
-1.000000
1.000000
0.969971
-0.988382
0.252623
0.354427
-0.611496
-0.921022
-0.332228
-0.702077
0.041058
0.117616
0.513338
-0.157469
0.365129
-1.000000
0.775769
0.513755
-0.706840
-1.000000
-1.000000
-0.821067
0.643368
0.308162
-0.161257
0.403467
0.387863
0.940465
-0.768029
0.450700
1.000000
-0.810949
0.295411
-0.317854
-0.593548
-0.627167
0.825996
0.247757
-0.110253
0.388055
-0.123444
0.065135
-0.013451
0.277051
-0.210120
-0.025825
0.763200
-1.000000
-0.170178
-0.899485
-0.478005
0.994947
-0.538152
-0.720842
-0.206958
-0.478480
0.460475
-0.036415
0.098682
1.000000
0.172297
0.428213
-1.000000
-0.667114
0.379783
1.000000
-1.000000
0.072082
-0.156855
0.349979
0.698191
-0.207618
1.000000
-0.263202
0.619319
-0.525125
0.333954
0.722073
0.966332
1.000000
-0.956119
-0.994690
0.902688
-0.957641
-0.705315
-0.452718
0.924743
0.613315
-0.716985
-0.208057
1.000000
-0.689430
0.216977
1.000000
-0.454473
-0.368960
0.535602
0.819931
-0.399113
-0.193155
-0.503548
0.780771
0.354263
-1.000000
-0.348365
0.462180
-0.542394
-0.072971
1.000000
0.368249
-0.215250
0.481630
0.971948
-0.959413
0.269305
0.771968
-0.893197
0.065584
0.652711
-0.291812
0.766012
0.394362
-1.000000
-0.028491
-0.209820
-0.913022
0.670569
0.283152
0.389476
-1.000000
-0.339301
0.555230
1.000000
-0.275854
-0.719678
-0.831914
0.179405
-0.029239
0.761564
0.998957
-1.000000
-0.398143
-1.000000
0.503094
0.006103
0.934409
-0.272923
0.094889
0.731005
0.189798
-0.585938
-0.985472
-0.671802
0.473143
1.000000
-0.510801
-0.560078
-0.658738
-0.359397
-1.000000
0.705791
-0.977840
-0.699327
-0.529730
0.657595
0.841694
-0.294697
-1.000000
-0.677780
-0.351669
0.521767
-0.760946
0.662919
0.974629
0.517910
-0.844730
1.000000
-0.987441
0.726325
0.563192
0.733875
-0.322062
0.447479
-0.055662
-1.000000
0.238537
-0.284401
-1.000000
1.000000
-0.734089
-0.921164
-1.000000
0.909992
0.200763
-0.152303
1.000000
-0.466624
-1.000000
0.701247
-0.237029
1.000000
0.634387
-0.061639
-0.937952
-0.294362
-1.000000
-0.341569
-0.795353
-0.672888
-1.000000
0.188284
0.024179
0.150703
0.262377
0.739151
0.670854
0.819305
-0.999281
-1.000000
-0.565477
-0.722466
-0.044655
-0.040290
0.146775
-0.053345
0.591196
0.832702
-0.682888
0.436850
0.658868
-0.491000
-1.000000
-0.329623
1.000000
0.621001
1.000000
-0.890361
0.680889
0.776710
-0.038884
0.576730
-1.000000
-0.882782
-0.098010
0.393485
-1.000000
0.923826
-0.591107
-0.175447
0.356041
0.777084
1.000000
-0.872267
0.596492
1.000000
-0.846459
0.940062
0.280094
-0.286561
-0.384301
-0.090181
-0.494724
-0.305764
-0.608559
0.317790
-0.477457
1.000000
-0.722774
-0.154307
-1.000000
0.498017
-0.206663
-0.356967
-0.827847
-0.087626
-0.248908
1.000000
0.906079
-1.000000
-0.032318
-0.810365
0.896805
0.691060
0.641530
0.898386
-0.534432
-0.579431
0.981657
-0.990485
-0.085264
-0.182247
0.510774
-0.224278
-0.612742
0.862807
0.322111
0.928818
0.351560
0.074949
-0.730526
-0.688873
-0.253503
0.782016
-0.829740
-0.362874
1.000000
-0.263543
1.000000
-0.100630
0.553565
-0.486017
-0.578551
-0.250168
-0.746961
0.584340
0.746496
0.624123
0.176341
0.393720
-0.079865
1.000000
0.290545
0.359036
-0.341806
0.608797
-0.349011
-0.128782
0.447957
-0.214012
-0.690685
-1.000000
-0.189289
-0.477293
0.139207
0.978549
0.937507
0.728859
0.870889
0.592262
-0.799050
-0.818326
-0.189339
-0.631811
0.684264
0.845481
-1.000000
0.698913
1.000000
0.175623
1.000000
0.532482
1.000000
0.284198
-0.203846
-0.630366
1.000000
0.223500
0.098235
0.787195
1.000000
-1.000000
-0.744350
0.179400
1.000000
-0.177693
-0.580005
1.000000
0.324054
0.874357
0.087927
-0.818097
0.630423
-0.017279
0.942495
-1.000000
-1.000000
0.393467
-0.829431
-0.412289
0.962146
0.602365
-0.742305
0.158359
0.236101
-1.000000
1.000000
-0.744216
-0.580424
0.532119
0.455625
-0.382258
-0.711309
-0.763678
-0.948415
0.299237
-0.262099
0.432242
-0.717454
0.294360
-1.000000
1.000000
-0.660754
-0.601689
0.579216
-0.181270
0.193695
-0.152272
-0.082051
-0.567816
-0.689017
-0.535520
0.643014
-0.075093
0.810339
-0.871445
0.673870
-0.472389
0.097276
-0.194599
0.083271
-0.372975
-0.163590
0.913982
0.717340
0.932940
0.548735
0.455488
-1.000000
0.971981
-0.995347
-0.762402
0.305956
0.861620
-1.000000
0.363038
-0.897018
0.907751
-0.151823
0.449657
-0.342520
0.237029
-0.130674
0.726442
0.810090
-0.975331
-0.568512
-0.193378
-1.000000
0.936817
0.417775
0.385455
-0.446856
0.100592
0.501196
0.030456
0.891794
-0.683546
-0.350993
0.144306
-0.113768
1.000000
-0.646988
-0.008977
-0.720288
0.003669
0.271871
-0.279743
0.943748
-0.825938
