-0.800253
-0.465273
-0.215447
-0.960582
0.488338
-0.614021
-1.000000
-0.723438
0.740713
0.423002
0.864414
-0.511961
-1.000000
-0.013149
0.989729
-1.000000
-0.179228
-0.867777
0.844451
-0.504937
-0.724889
1.000000
-1.000000
-0.782956
-0.949023
0.099096
0.856842
-0.105874
0.969926
0.915477
-0.156191
-0.582439
-0.987667
0.668735
0.406752
-0.364351
0.498611
0.741987
-0.816104
0.210311
0.662198
0.534277
-0.176802
0.011360
1.000000
-0.600609
-0.621051
-0.833867
0.609571
0.896835
-0.752249
0.574164
0.582579
1.000000
0.767945
0.088772
-0.206626
0.905376
-0.842041
-0.873151
0.563494
-0.953185
0.346586
0.031162
0.367366
0.641150
-0.582446
1.000000
-0.384281
1.000000
1.000000
-0.258371
0.017569
-0.878156
0.773998
-0.296271
0.425305
-1.000000
0.435727
-0.606375
-1.000000
-0.239769
-0.320226
0.394345
0.321593
-0.908454
-0.859743
-0.756741
1.000000
-0.462464
-0.136619
-0.812516
0.640124
0.445679
0.844763
-0.323293
0.552664
0.501481
0.021925
-0.695991
-1.000000
0.272641
-0.632775
0.644941
-0.526119
-0.413174
0.668531
0.014800
0.337236
0.348786
0.087094
0.569479
0.091220
0.367768
-0.642897
0.348268
-1.000000
1.000000
1.000000
0.232183
-0.701151
-1.000000
1.000000
0.744483
-0.140147
-0.130901
-0.764127
0.977906
-0.166164
-0.909476
-0.607236
-0.544374
-0.817773
-0.286915
1.000000
0.417973
-1.000000
-0.795806
-0.610306
0.721653
0.230652
-0.803920
0.095305
-0.718863
-0.361163
0.345777
-0.706642
0.202449
-0.612364
0.022095
0.077231
-0.746560
-1.000000
-0.668384
0.463202
0.131928
-0.395779
0.944890
0.863149
-0.220852
-0.727027
0.000578
-0.331596
-0.377181
0.471938
1.000000
0.025856
1.000000
0.332534
-0.717958
-0.418169
-0.208640
-0.650511
0.344526
-0.355483
-0.381062
-0.454111
0.632348
-0.770793
-0.558588
-0.445695
-0.904751
-0.958558
-0.244867
0.058016
-0.590981
0.245265
0.076277
-1.000000
0.844075
-0.152098
0.277974
-1.000000
-0.457365
-0.480975
-1.000000
0.883507
-0.795925
0.319271
1.000000
0.615654
-0.032674
1.000000
0.620952
1.000000
-0.443100
-0.356791
0.282159
0.139786
-0.326794
0.936334
0.350226
-1.000000
-1.000000
0.020839
-0.449842
-0.982944
-0.925028
-0.908683
0.280968
0.463542
-0.556158
-0.808181
-0.389369
0.206680
-0.019576
0.786180
-0.296768
-0.260416
-0.077680
0.269948
0.308447
0.721379
0.345683
-0.478281
-0.960477
-0.701295
1.000000
-0.759954
0.329172
0.424562
-0.707195
-0.791951
0.116418
0.417324
0.582673
0.994629
0.043154
-0.579653
-0.792720
-0.195214
0.574167
0.527275
-0.664221
-0.809982
0.480670
-0.849108
1.000000
-0.620733
-0.536999
1.000000
0.426917
-0.785518
0.264668
-0.839779
-0.682931
0.795060
-0.026119
-0.166427
-0.607678
1.000000
0.131186
1.000000
0.701632
0.127404
-0.802419
0.778574
1.000000
-0.614460
0.799117
-0.672375
0.057122
0.828615
-0.326913
0.980097
-1.000000
-0.151756
-0.397714
0.010375
-0.934466
0.107446
0.629224
-0.733535
0.460484
0.399547
0.032293
0.940497
0.368301
0.962384
0.579924
-0.620704
1.000000
-0.436604
-0.584802
0.567649
-0.075254
0.655412
-0.637149
-0.248450
1.000000
1.000000
0.990691
0.858543
-1.000000
-0.592035
1.000000
-0.100470
0.321051
-0.650623
-0.542447
1.000000
-0.883427
1.000000
-1.000000
0.336120
0.923563
-0.053046
-0.820485
1.000000
0.182808
0.641033
0.910637
0.826690
-0.829881
0.523734
0.395932
-0.517972
0.697289
-1.000000
0.993187
-0.427968
1.000000
-0.289691
0.607915
0.835017
-0.188729
-0.163388
1.000000
-0.361125
-1.000000
-0.165430
0.261797
0.618584
0.703487
-0.197022
0.936693
0.071934
0.562105
-0.391269
-0.184271
-0.964874
0.561956
0.271418
0.183525
-0.037451
-0.571518
-1.000000
-0.190130
-1.000000
1.000000
-1.000000
0.309815
-0.273586
-1.000000
-0.233427
-0.202160
-0.136658
0.022177
-0.396280
0.796349
0.236257
-0.328373
0.118235
-0.291194
0.553758
0.811239
0.193045
-1.000000
0.135805
0.479938
0.980901
0.297010
-1.000000
1.000000
0.081361
1.000000
1.000000
-0.769511
0.647929
0.017184
0.359851
1.000000
1.000000
-1.000000
0.584636
0.285840
-0.653324
0.930556
-0.402980
0.881195
0.034930
-0.557784
-0.028787
0.308734
-0.137975
-0.609220
0.472092
0.015643
-0.753452
-0.160804
0.837648
0.640345
-0.913442
0.631736
-0.726979
0.071363
-0.595012
-0.854694
0.119828
0.788506
0.443541
0.708396
-1.000000
0.125765
-0.493066
-0.682408
-0.273361
-0.106639
-0.195303
-0.991460
-0.420161
-0.881858
-0.334114
-1.000000
-0.360363
-0.762549
-0.020466
0.811778
0.888064
-0.067384
0.761236
-0.594849
0.758897
0.260084
-1.000000
-1.000000
0.241118
0.027401
0.860842
0.443693
-0.324043
0.391316
-0.770755
-1.000000
0.254482
0.053412
-0.695550
-0.158841
1.000000
-0.153559
-0.664852
-0.375104
-0.941318
-1.000000
-0.821516
0.435830
0.962441
-1.000000
0.311952
1.000000
-0.849074
-0.139434
-0.046445
-0.302552
-0.624619
-0.417144
0.353129
-0.263715
-0.470766
-0.715597
-0.915369
0.080179
-0.128484
1.000000
-0.933104
1.000000
-0.021666
0.342506
0.345153
-0.669437
0.012576
1.000000
-0.891162
0.910413
-0.449183
-0.018606
0.694963
-0.717503
-1.000000
0.795597
-0.261211
-0.511803
0.897407
-0.774350
0.009585
0.001364
0.026976
-0.849003
-0.306384
-0.683297
-0.828682
-0.544741
-0.281221
-1.000000
-0.629818
-0.595907
0.261674
1.000000
-0.894487
0.788527
-0.404588
-0.663165
-0.504226
1.000000
-0.161268
0.659326
0.823747
0.329414
-0.183265
-0.596242
-0.990499
-0.564647
-0.172701
0.647576
-0.676060
-0.325718
-1.000000
0.765247
-0.525348
-0.058224
1.000000
0.866780
0.252300
0.125843
-0.760932
0.248819
0.569645
0.677970
-0.008393
-0.778118
-0.968246
-0.496112
0.874365
-0.254371
-0.935512
0.862517
-0.692134
0.196983
-0.217063
-0.237903
-0.139824
1.000000
-0.011982
-0.939617
0.681959
-0.288850
-1.000000
-0.706857
0.981005
-0.752653
0.075885
0.254962
-0.637037
0.177937
-0.821586
0.255066
-0.583534
1.000000
-0.688430
0.000429
0.332776
1.000000
-0.674379
0.356747
0.683976
0.180778
-0.487862
0.089598
0.713688
-1.000000
-0.335218
-0.122188
0.722937
-0.416250
0.524509
0.228235
0.908451
-0.435924
-0.046639
-0.650334
-0.705611
0.377737
0.880575
0.288537
-0.610338
-0.863947
0.262984
-0.468835
0.818629
-0.672448
-0.381652
-0.793747
-0.838786
-0.612562
0.485696
0.247111
0.497590
1.000000
0.904289
-0.926703
-1.000000
0.122490
0.442863
0.581789
-0.695623
-0.837051
0.133270
-0.555747
-0.942043
0.965339
-0.267528
0.021732
1.000000
-0.333766
-0.947899
1.000000
0.023869
0.676817
0.114562
0.053991
0.444316
-0.028372
-0.262182
-0.818504
-1.000000
-0.303332
0.099692
-0.213336
0.218717
-0.726763
0.886515
-0.226446
-0.644834
0.443833
-1.000000
-1.000000
-0.132604
0.353990
-0.202750
1.000000
0.755448
0.479833
-0.310642
-0.581172
0.155201
1.000000
0.493406
0.052539
0.375578
-0.849853
0.493532
0.357477
-0.147321
0.568615
0.882921
0.728781
0.815143
-0.381418
-0.130400
0.515716
0.014697
-0.092946
-0.730022
0.848941
0.271216
-0.502182
-0.520205
-0.580744
-0.152378
0.082098
0.721802
1.000000
0.196193
-0.556962
0.767688
-0.092393
-0.104505
-0.088235
0.417721
0.336013
0.058880
-0.374225
-1.000000
-0.218622
0.319009
0.375305
-0.278988
-0.681275
0.307479
0.654178
-0.423875
-0.011792
-0.656512
0.695410
0.353035
0.801791
-0.610091
0.284518
-0.523921
-0.543682
-0.376897
0.671470
0.318232
0.609773
-0.983714
0.185994
-1.000000
0.331980
-0.881660
-0.017702
-0.132727
0.109187
-0.285892
-0.920446
0.476063
-0.728781
0.816569
1.000000
-0.128893
-0.189720
0.324258
-1.000000
0.990629
-0.554656
-0.402123
0.789397
