0.304932
0.607513
0.199961
-0.467790
-0.201417
-0.550594
-0.331936
-0.244912
-0.705229
0.267368
-0.898472
0.264475
-0.012597
-0.876320
0.227652
-1.000000
-0.847908
-0.662755
0.056885
-1.000000
-0.160232
-0.197164
-0.001121
0.803064
0.136639
-0.455578
0.006684
0.178126
-0.181804
0.042738
-0.323147
-0.266517
-0.888845
-0.031117
-0.271269
-0.130646
-0.327895
0.850172
0.286065
-1.000000
0.705687
0.616991
0.670789
0.005547
-0.500937
-0.099113
-0.749447
0.765709
0.830670
0.132579
0.478098
-1.000000
0.669834
0.069910
-0.548074
0.925793
-0.834673
-0.570671
-0.917208
0.683951
-0.593831
-0.120940
-0.090903
0.766737
-0.320793
0.484028
0.937374
-0.658384
-0.198836
0.408810
0.335638
-0.440455
-1.000000
0.385964
-0.512809
0.869313
-0.277105
-0.723079
-0.057721
0.039790
-0.240662
-0.794330
1.000000
-0.570575
-0.498228
0.831178
-0.843838
0.985312
-0.191766
0.772144
-0.370674
-1.000000
-0.162409
-0.861351
0.203040
0.840511
-0.743346
0.502503
-0.215499
0.951728
1.000000
0.511482
0.687654
0.724548
0.429109
-0.879140
-0.585089
-0.194877
-0.733704
-0.682757
0.875156
-0.069082
0.051027
-0.078154
0.056690
-0.485297
-0.472796
-0.520234
-0.261540
0.471756
0.146971
0.214239
0.251786
0.089878
-0.886614
0.630022
-0.382361
-0.955280
-0.879272
0.988832
-0.451850
1.000000
0.594266
0.510297
-0.829343
-1.000000
-0.182439
-0.186951
0.894691
-0.187841
0.133134
1.000000
-0.530952
0.365662
0.634922
-0.252265
-0.770237
0.410625
-0.627785
0.368667
0.989790
-0.738996
0.425694
0.814608
0.186351
-0.543620
-0.827971
0.311324
0.051094
-0.325790
-0.159145
-0.990404
-0.648681
0.697777
0.240669
0.332458
-0.408302
-0.756169
1.000000
-0.378480
-0.454302
0.416495
-1.000000
0.499304
0.747077
-0.697578
0.842094
-0.932644
1.000000
-0.302838
-0.421814
0.199476
0.241115
0.595696
-0.209918
0.560122
-0.477563
0.201565
-0.391958
-0.255981
0.088655
-0.745831
-0.058624
-0.897239
-0.678725
-0.692895
0.240432
0.217931
-0.341450
0.407721
1.000000
1.000000
-0.801271
0.652700
-0.093634
0.097636
-0.093354
-0.283170
0.269943
0.104732
0.828840
0.231554
-1.000000
-0.376616
0.403327
-0.806038
-0.730861
0.785343
-0.245688
0.112940
-0.373442
0.764286
0.424129
-0.494789
0.956242
-0.571394
0.103566
0.327990
0.552337
0.149209
-0.038125
-0.719455
-0.364619
-0.048798
0.094061
0.330621
-0.474636
0.449417
-0.869435
0.453959
-0.242524
-0.834288
-0.717200
-1.000000
0.541379
-0.150792
-0.735070
-1.000000
-0.303204
0.838380
0.789237
0.822678
0.978143
1.000000
-0.146961
-0.795514
-0.346618
-0.034847
0.104779
-0.276362
-0.291148
0.344664
0.491335
0.675379
0.680283
-0.310180
0.818552
-0.823272
0.077511
0.161721
0.680484
0.007638
0.581254
0.878142
-0.582494
-0.833583
-0.003936
-0.181942
-0.699195
0.275961
0.648022
0.027417
0.613096
-1.000000
1.000000
-0.369522
0.638980
1.000000
0.507076
-0.674821
0.087771
-0.512941
0.822452
0.015851
-0.800504
-0.316454
-0.439447
0.478600
-0.156960
-1.000000
-0.358768
0.134262
-1.000000
0.544764
-0.841717
0.434228
-0.433417
-0.650729
-1.000000
-0.303839
1.000000
-0.179866
1.000000
0.076429
-0.674251
0.965111
0.510167
0.023920
-0.450955
0.862057
-1.000000
0.191676
0.117870
-0.875473
0.388011
-0.604189
-1.000000
0.103905
0.909706
-0.013168
0.498600
-0.438902
0.249709
0.947684
-0.737970
-0.760280
-0.277762
-0.303819
0.168949
0.106867
0.651138
-0.614299
0.241594
0.929917
0.690890
-0.743242
-0.174089
0.186013
-0.055035
0.957202
0.790529
-0.158923
-0.847483
-0.258751
1.000000
-1.000000
-0.099381
0.032978
-0.907636
-0.163778
-0.082678
1.000000
1.000000
-0.925627
0.274984
-0.797262
0.486104
-0.884170
-0.897376
-0.214161
-0.800367
0.155202
1.000000
-0.752134
0.260371
0.164454
-0.324526
1.000000
0.126857
0.631257
0.471295
0.022718
-1.000000
-0.172157
-1.000000
-0.281600
-0.448027
0.981599
0.487259
-0.776925
-0.314260
0.453206
0.178928
-0.112980
-0.126879
-0.603316
-0.564842
0.166094
-0.016384
1.000000
-0.669632
-0.697936
-0.950030
-0.258969
0.637136
0.784131
-0.423162
0.763781
-0.166172
0.442437
0.083733
-0.050939
-0.328457
-0.150420
0.824046
0.809490
0.081503
0.189910
0.176412
-0.132484
-0.422660
-0.405024
0.608697
0.432120
-0.807201
0.122810
0.147001
-0.483498
-1.000000
0.351113
0.723416
-0.829904
0.850488
-0.512384
0.483072
-0.281991
-0.857895
-0.717723
0.008347
-0.197216
-0.610543
0.132786
0.853856
-0.224152
-0.827598
0.243800
-1.000000
0.378735
-0.729338
0.428073
-0.486739
-0.118345
-0.578584
-0.834834
-0.869810
-0.908886
0.029295
-0.403072
-0.449799
-0.664723
0.904810
-0.100146
0.384970
-0.073572
0.370824
-0.902689
0.561634
0.849972
-0.631611
0.473562
0.074965
-0.349997
-1.000000
-0.154340
0.012595
0.328663
0.796630
-0.598215
-0.733576
-0.806372
0.600620
0.557648
-0.779058
0.691777
-0.405678
-0.163541
-0.440015
-0.115382
0.884569
0.103459
0.229568
0.724925
0.060258
-1.000000
0.746782
0.455975
0.339714
-0.908617
0.112414
-0.875003
-0.359263
-0.141405
0.748369
-0.125855
-0.294865
0.138686
-0.651493
-0.855595
-0.549209
0.114126
-1.000000
0.496888
-0.613496
-1.000000
-0.161510
-0.517494
-0.385323
-1.000000
-0.244259
-0.239292
-0.107082
-0.360393
-1.000000
-0.993412
-0.588524
-0.517615
0.695412
0.038580
0.794875
-0.968407
-0.020909
0.255184
-0.163669
-1.000000
0.286677
-0.357397
-0.648047
-0.193532
-0.490694
0.197823
1.000000
-0.812232
-0.256649
-0.905001
0.610305
0.351048
0.562544
-0.151749
-0.788134
-0.806868
-0.972299
0.473655
0.843534
1.000000
0.716138
0.024394
1.000000
0.506452
0.234021
0.064734
0.659284
-0.836160
-0.935557
0.525855
-0.089275
0.454531
0.160870
-0.327756
-0.678560
-0.237935
-0.172372
0.000561
-0.997280
-1.000000
0.315956
0.823563
-0.012111
-0.145913
0.901348
-0.431904
-0.424061
0.598166
0.826066
-0.379048
-0.088320
0.006409
0.914135
0.455884
-0.451538
0.743834
-1.000000
-0.572153
0.410498
-0.004935
-0.136010
-1.000000
-1.000000
-1.000000
0.880171
0.217343
0.781460
0.969318
0.564123
-0.304804
0.762487
0.646856
0.084749
-0.248382
-0.630028
0.829965
-0.167234
-0.831829
0.052348
0.098008
0.706158
0.773622
-0.236051
-0.356865
-0.257618
-0.075960
0.208095
-0.354092
0.873409
0.400519
-0.360479
-0.121612
-0.834888
0.746112
0.945273
0.382507
-0.578302
1.000000
-0.062749
0.173993
0.048903
0.044109
0.421785
0.448128
0.398620
0.152510
-0.948431
0.325216
-1.000000
-0.083650
-0.770945
-0.590208
0.823889
-0.813068
-0.056037
0.104498
-0.977051
-0.842860
-0.717087
-1.000000
0.446804
1.000000
-0.184246
-0.681915
0.547853
0.684293
0.896702
0.177375
-1.000000
0.199140
0.081737
0.017742
-0.104295
-0.119672
-0.639210
-0.890476
0.263911
-0.055671
0.493839
0.505768
0.333382
0.101475
-1.000000
0.062250
-0.202835
0.140168
-0.140008
-0.021290
0.682629
0.184274
-0.411984
1.000000
0.953784
-0.431164
-1.000000
0.643668
-0.105879
-0.983821
-0.557400
-0.861538
1.000000
-0.547634
-0.493727
0.262141
0.259097
0.766042
0.209559
-0.716545
0.288891
0.370484
-0.961578
0.323352
0.014891
-0.223021
-1.000000
0.975720
-0.659683
-0.480192
0.379132
-0.547029
-0.050822
-0.015753
0.647866
-0.876255
-0.734018
0.555488
-0.083548
0.838680
1.000000
1.000000
0.042859
0.499589
0.231733
-0.442176
0.216932
0.517720
0.015152
0.687438
-0.634243
-0.600962
-0.503525
-0.370566
-0.269064
0.389379
-0.402207
-0.464177
0.958948
0.987310
0.402480
0.816926
-0.207829
-0.359008
0.589641
0.367786
-0.135852
-0.751738
0.860180
0.477677
0.721154
-0.634929
-0.318804
0.255847
