0.429965
-0.142756
-1.000000
1.000000
1.000000
-0.542422
0.171790
0.825639
-1.000000
-0.603672
-0.240426
-0.111950
0.945285
1.000000
-0.118437
-0.559538
-0.227430
1.000000
0.551159
-0.177215
1.000000
-0.035166
1.000000
-0.654174
0.587303
-0.396735
1.000000
-0.136601
0.055255
-0.424473
-0.028568
1.000000
0.832909
0.002984
0.066266
-0.523374
-0.514503
0.493022
0.948385
-0.516634
-0.024982
0.718830
-1.000000
-0.473589
0.065047
-0.819146
1.000000
-0.679522
-0.516938
0.845804
0.273441
0.637136
-0.845503
-0.174281
0.520275
1.000000
-0.919933
-0.951495
0.817248
-0.370709
0.911632
-0.016095
-1.000000
-1.000000
-0.959848
-0.037321
-0.651062
0.771306
-0.539920
0.658470
0.050271
-0.094431
0.832722
0.620245
0.262285
0.279315
-0.367667
0.930973
-0.334763
-0.872692
0.416394
-0.508169
-0.401862
0.595438
-0.528904
-0.185297
-1.000000
0.326485
0.073642
-0.770021
0.587487
0.486630
-0.234235
-0.246498
-1.000000
-0.231834
0.603848
0.476787
0.211688
0.182516
0.060360
-0.438012
0.805493
-0.193652
-0.443954
0.351704
0.636003
0.911046
-0.757292
0.207044
-0.262224
-0.092089
-0.845629
0.724417
0.019631
0.536402
0.853833
0.280742
-0.827422
0.466046
0.758620
1.000000
0.834104
-0.581278
1.000000
-0.392122
0.421098
-1.000000
-0.964863
0.137200
1.000000
-0.666028
-0.947669
0.379892
0.445468
-0.670591
-0.748224
-0.627443
-0.425468
-0.434944
0.249941
-0.001733
-0.051215
-0.976439
-1.000000
0.772774
0.255397
0.752448
0.267756
1.000000
0.822711
-0.408227
-0.589717
0.153601
1.000000
0.031410
-1.000000
0.412374
-1.000000
-0.730426
0.184973
1.000000
-0.883787
0.910435
1.000000
0.888959
-0.638603
1.000000
-0.890555
-0.911304
1.000000
0.340299
0.347386
-1.000000
0.143534
-0.252567
-0.268871
-0.763005
-0.943112
-0.006024
0.805563
1.000000
0.416613
-0.749536
-1.000000
-0.765395
0.855870
1.000000
0.063969
-0.982581
0.167447
0.798977
-0.355800
-1.000000
-0.369576
-0.832988
-0.659791
0.008720
-0.505224
-0.460964
0.294560
-0.320614
-0.809096
0.043645
-1.000000
0.644611
0.805277
-1.000000
1.000000
0.333477
0.655137
-0.463631
0.784311
-1.000000
0.252878
0.722175
-1.000000
-0.864418
-0.498636
-0.301728
0.707106
-0.151793
1.000000
1.000000
1.000000
1.000000
1.000000
-0.491613
0.845443
0.128381
1.000000
-0.131161
1.000000
-0.064586
0.931683
-0.187065
0.346398
0.946167
-0.454240
-0.049582
0.666240
-0.190083
-0.444786
0.459826
0.515177
-0.170309
-0.394327
0.014745
0.924754
-0.342601
-0.310564
0.604198
0.965823
-0.866862
-0.166656
0.742527
0.324462
0.199021
-0.784861
-0.519692
-0.880010
-1.000000
1.000000
0.174989
-0.246627
-0.005625
-0.922594
-0.487337
-0.673388
-0.144068
-0.449685
0.558012
0.790442
-0.497622
0.446457
-0.099633
0.504183
0.435654
0.683673
0.689260
1.000000
0.196545
0.659488
-0.020779
-0.055429
-0.643451
1.000000
-0.109471
0.676078
0.003236
-0.322030
-0.031854
-1.000000
1.000000
0.315920
-0.816448
-1.000000
0.092166
0.309213
0.548569
1.000000
-0.307096
0.995327
-1.000000
-0.485284
0.780086
0.040433
-0.432935
-0.149374
-0.191525
0.441319
-0.642799
-0.297685
0.407077
-0.736960
-0.315959
-1.000000
0.291612
0.030465
0.209449
-1.000000
0.522251
0.536233
0.552487
-0.196871
-0.577792
-0.958188
-0.391646
0.232367
-0.077841
-0.047284
0.816849
0.829232
-0.120777
-0.617024
0.644115
-0.518038
-0.286798
-0.849972
1.000000
-1.000000
-1.000000
-0.623067
-1.000000
0.833887
0.258691
0.064748
-0.193089
-0.037146
-0.808803
-0.852607
0.236673
-0.949104
0.866963
0.510323
-0.985410
0.651527
0.686310
-0.105123
0.495496
0.234631
-0.949669
-0.094639
0.919205
-0.029660
0.704645
-0.157015
0.094371
0.646942
-0.129913
0.199748
0.959011
-0.884924
0.277092
0.168967
0.147011
0.911038
-1.000000
0.489323
-0.198950
0.152010
0.937780
-0.721825
0.844360
0.720977
0.642118
0.832703
0.407745
-0.472022
-0.042593
-0.091689
-0.586225
0.671129
-0.388880
-0.410532
0.828960
-1.000000
0.603167
0.137023
-0.436481
0.171066
-1.000000
-0.321647
-0.458019
0.000715
0.839084
0.653007
-0.963247
0.563120
0.220148
-0.117845
0.835453
0.395761
-0.596397
-0.552439
-0.581109
-1.000000
-0.395973
-0.870134
0.833639
0.351440
0.796428
0.398093
-0.198895
-0.272751
-0.500063
0.007059
0.092531
-0.150057
0.915286
-0.589260
-0.370104
0.713024
0.940123
-0.095235
0.369127
0.554170
-0.176786
0.270767
0.478999
0.490617
0.214921
0.045788
0.503570
0.054556
-0.675847
1.000000
-0.895574
-0.661901
-0.196639
-0.921903
0.292792
-0.296851
0.506306
-1.000000
1.000000
-0.638555
0.964860
0.204081
-1.000000
-1.000000
0.585896
-0.588815
0.267675
-0.328282
-0.111099
0.207112
0.009666
-0.205092
-0.554879
0.746395
-0.545048
-0.800159
1.000000
-0.485734
0.000097
0.159762
-1.000000
-0.605762
-0.497956
0.509729
0.996842
0.112070
0.109451
0.035951
0.904007
0.621607
-0.625716
-0.471099
-0.823175
0.876734
-0.441014
0.591517
-0.492974
0.613265
0.312560
-0.485153
-0.830559
-0.161041
0.003210
0.622540
0.470655
-0.556727
1.000000
-0.919727
0.769477
0.995860
0.212490
0.818415
0.873110
0.769947
-0.674532
0.656262
-0.120759
-1.000000
-0.091217
-0.361838
0.506683
0.846209
1.000000
-0.099892
-0.552302
0.705473
-0.047952
-0.093517
-0.920050
0.807762
-0.178400
-1.000000
0.878834
0.347820
0.182087
-0.490514
0.412221
0.846519
-0.696275
0.396737
-0.467656
0.279000
0.162973
-0.833430
0.815597
-0.444544
-0.807483
-1.000000
0.836584
0.036639
-0.550994
0.782726
1.000000
0.155149
0.515938
1.000000
-0.263637
0.740005
0.996186
1.000000
-0.926520
-0.335331
0.878274
0.232430
-0.393608
-0.295149
0.420339
-1.000000
-0.260835
1.000000
0.072145
0.369624
-0.903029
-0.053004
0.259388
0.016339
0.328593
0.290851
0.429028
-0.461749
-0.676446
-0.321419
-0.031080
-1.000000
0.005094
-0.253281
-0.332062
0.411423
0.897587
0.187805
-0.669507
0.019885
-0.744199
-0.268174
-0.825717
-0.272691
-0.577900
-0.698002
0.528403
0.001826
0.873811
-0.493764
-0.237242
0.927855
-0.621448
-0.108619
0.003464
-0.475975
0.469216
0.741282
-0.481435
0.383469
-1.000000
-0.252641
-0.640898
-0.964483
-0.339425
0.565244
0.263913
-0.423027
-0.692196
0.001710
-1.000000
0.246467
0.471535
-0.738088
-1.000000
-0.970133
0.002947
0.442962
0.555756
0.235852
0.499395
-0.730016
-0.782789
-0.112517
0.892892
-0.325574
-0.893765
0.508470
-0.250045
1.000000
-0.848441
-0.305596
-0.454947
-1.000000
-1.000000
-0.055286
1.000000
-0.968012
0.291570
-1.000000
-0.191089
0.707471
-0.596232
1.000000
-1.000000
-1.000000
-0.338150
0.896462
0.908910
0.034853
1.000000
0.529597
-0.198000
-0.631363
-0.406015
-0.606002
-0.145411
0.634351
-0.782968
-1.000000
0.459002
0.520744
1.000000
-0.228561
0.076284
-0.372119
-0.060629
0.444222
0.121209
0.510860
-0.887206
-0.242596
0.366254
-0.677059
-0.707175
0.548171
1.000000
-0.567531
0.814017
-0.226643
0.157224
-0.617651
-0.280907
-0.249276
1.000000
-0.317933
-0.357019
-0.852814
0.972853
-0.072060
0.751118
0.172131
-0.797438
0.864097
0.741875
0.686182
-0.758748
-0.016118
0.337966
1.000000
0.636230
0.533579
-0.279921
-0.196761
-0.923776
-0.782521
0.808024
0.115542
0.030123
-0.589720
0.806974
-1.000000
-1.000000
-1.000000
-0.585536
0.064583
-0.992005
0.599229
0.206624
0.164482
-0.555960
0.177112
-0.676730
0.831104
-0.297159
1.000000
0.297732
-0.707684
0.790341
-1.000000
0.000238
0.033653
-0.725900
-0.895350
-0.841681
-0.108885
1.000000
-0.620557
0.769693
0.803828
0.713607
1.000000
-0.220539
-0.416441
0.939159
-1.000000
-0.259413
